kinematics_convention: urdf
kinematics:
    connector_1:
        roll: 0.0
        pitch: -1.57
        yaw: 3.14
        x: 0.37925
        y: 0.31250
        z: -0.19500
    connector_2:
        roll: 0.0
        pitch: -1.57
        yaw: 3.14
        x: 0.37925
        y: -0.31250
        z: -0.19500
    connector_3:
        roll: 0.0
        pitch: -1.57
        yaw: 0.0
        x: -0.37925
        y: 0.31250
        z: -0.19500
    connector_4:
        roll: 0.0
        pitch: -1.57
        yaw: 0.0
        x: -0.37925
        y: -0.31250
        z: -0.19500
    connector_5:
        roll: 0.0
        pitch: 0.0
        yaw: 0.0
        x: 0.2
        y: 0.0
        z: 0.016
dynamics:
    body_1:
        mass: 127.57599
        inertia_tensor:
            I_xx: 1.9025397e+01
            I_yy: 1.3251602e+01
            I_zz: 2.3575473e+01
            I_xy: -6.2823044e-01
            I_xz: -6.4261485e-02
            I_yz: 9.1864796e-01
        CoM:
            x: 0.012213513
            y: 0.0
            z: -0.21761073
size: big
type: mobile_base
visual:
    body_1:
        type: mesh
        parameters:
            file: package://concert_resources/models/modular/meshes/concert/concert_central_body.stl
            scale: [0.001, 0.001, 0.001]
        pose:
            x: 0.0
            y: 0.0
            z: 0.0
            roll: 0.0
            pitch: 0.0
            yaw: 0.0
        color: grey
    body_2: null
collision:
    body_1:
        type: mesh
        parameters:
            file: package://concert_resources/models/modular/meshes/concert/simple/concert_central_body.stl
            scale: [0.001, 0.001, 0.001]
        pose:
            x: 0.0
            y: 0.0
            z: 0.0
            roll: 0.0
            pitch: 0.0
            yaw: 0.0
    body_2: null
    
gazebo:
    body_1:
        mu1: 0.2
        mu2: 0.2
        kp: 1000000.0
        kd: 1.0
        maxVel: 0.0
        minDepth: 0.0001
        material: 'Gazebo/Grey'
        selfCollide: true
