type: joint
kinematics_convention: urdf
kinematics:
    joint:
        proximal:
            x: 0.0
            y: 0.13666
            z: 0.0875
            roll: -1.57
            pitch: 0
            yaw: 0
        distal:
            x: 0.0
            y: -0.0875
            z: 0.0195
            roll: 1.57
            pitch: 3.14
            yaw: 0.0
    link: null
actuator_data:
    zero_offset: 0
    type: revolute
    lower_limit: -3.0
    upper_limit: 3.0
    effort: 314
    velocity: 6.6
    gear_ratio: 120
dynamics:
    body_1:
        mass: 3.6144181
        inertia_tensor:
            I_xx: 1.5371313e-02
            I_yy: 8.6766316e-03
            I_zz: 1.3320926e-02
            I_xy: -9.9563906e-05
            I_xz: 9.0045644e-06
            I_yz: -1.8673171e-03
        CoM:
            x: -0.0011492150
            y: 0.042825109
            z: 0.076804506
    body_2:
        mass: 1.1481338
        inertia_tensor:
            I_xx: 3.4928397e-03
            I_yy: 2.9687575e-03
            I_zz: 4.2223026e-03
            I_xy: -1.0903971e-05
            I_xz: 6.2736548e-06
            I_yz: 3.1199793e-04
        CoM:
            x: 0.0
            y: -0.028238874
            z: 0.017527776
    body_2_fast:
        mass: 0.0
        inertia_tensor:
            I_xx: 0.0
            I_yy: 0.0
            I_zz: 0.0
            I_xy: 0.0
            I_xz: 0.0
            I_yz: 0.0
        CoM:
            x: 0.0
            y: 0.0
            z: 0.0
visual:
    body_1:
        type: mesh
        parameters:
            file: package://concert_resources/models/modular/meshes/concert/concert_elbow-base.stl
            scale: [0.001, 0.001, 0.001]
        pose:
            x: 0.0
            y: 0.0
            z: 0.0
            roll: 0.0
            pitch: 0.0
            yaw: 0.0
        color: blue
    body_2:
        type: mesh
        parameters:
            file: package://concert_resources/models/modular/meshes/concert/concert_elbow-link.stl
            scale: [0.001, 0.001, 0.001]
        pose:
            x: 0.0
            y: 0.0
            z: 0.0
            roll: 0.0
            pitch: 0.0
            yaw: 0.0
        color: green
collision:
    body_1:
        type: mesh
        parameters:
            file: package://concert_resources/models/modular/meshes/concert/simple/concert_elbow-base.stl
            scale: [0.001, 0.001, 0.001]
        pose:
            x: 0.0
            y: 0.0
            z: 0.0
            roll: 0.0
            pitch: 0.0
            yaw: 0.0
    body_2:
        type: mesh
        parameters:
            file: package://concert_resources/models/modular/meshes/concert/simple/concert_elbow-link.stl
            scale: [0.001, 0.001, 0.001]
        pose:
            x: 0.0
            y: 0.0
            z: 0.0
            roll: 0.0
            pitch: 0.0
            yaw: 0.0
size: big
CentAcESC:
    control_mode: impedance_d4
    sign: 1
    pos_offset: 0
    max_current_A: 30.0
    pid:
        position:
        - 1000.0
        - 0.0
        - 30.0
        impedance:
        - 500.0
        - 20.0
        - 1.0
        - 0.025
        - 0.99
gazebo:
    body_1:
        mu1: 0.2
        mu2: 0.2
        kp: 100000000.0
        kd: 1.0
        maxVel: 0.0
        minDepth: 0.0001
        material: 'Gazebo/Blue'
        selfCollide: true
    body_2:
        mu1: 0.2
        mu2: 0.2
        kp: 100000000.0
        kd: 1.0
        maxVel: 0.0
        minDepth: 0.0001
        material: 'Gazebo/White'
        selfCollide: true
